2021022705091
2021022717292
2021022803183
2021022802224
2021030101215
2021030108046
2021030604057
2021030618179
2021030622018
20210306210310
20210307020811
20210307092912
20210309011814
20210309052113
20210309040315
20210310080917
20210310172216
20210310290218
20210313170419
20210313220520
20210313030121
20210313180922
20210314290823
20210314022124
20210316051725
20210316010426
20210317030227
20210317210828
20210317092229
20210317182930
20210320042231
20210320052932
20210321080334
20210321211833
20210321020935
20210321170136
20210402031737
20210403020538
20210403080139
20210403092140
20210404290441
20210404221842
20210406030543
20210406170844
20210407010945
20210407042148
20210407180247
20210407222946
20210410211749
20210410090350
20210410082251
20210411040252
20210411290153
20210411051854
20210417292156
20210417091757
20210417180455
20210417220358
20210418020159
20210418050860
20210420212261
20210420032962
20210421010563
20210421040966
20210421081864
20210421170265
20210424030467
20210424221768
20210424210569
20210425180170
20210425290971
20210425080272
20210430090873
20210501291774
20210501020375
20210501012276
20210502050477
20210502182178
20210508042980
20210508171879
20210508032181
20210509050283
20210511180385
20210511292286
20210512020487
20210512210189
20210515212993
20210515182294
20210516041795
20210516010296
20210518290398
20210519220499
202105190217102
202105190501101
202105212918103
202105220408104
202105220103105
202105232202106
202105231705107
202105232109108
202105291805110
202105290401111
202105290829109
202105290902112
202105301721113
202105300322114
20210606080588
20210606170990
20210619220982
20210620010884
202106260821100
20210714091897
202107200229115
202107200904116
202107201808117
202107210117119
202107210503118
202107212221120
202107230218121
202107240309123
202107240522122
202107240817124
202107250129125
202107252104126
20210728030892
20210728090591
202107310418129
202107310901128
202107312905130
